 &plot nbnd=  50, nks=    81 /
            0.000000  0.000000  0.000000
  -22.297  -22.031  -22.031  -22.031  -21.144  -21.144  -21.144  -21.075   -6.897   -6.897
   -6.897   -6.673   -6.530   -6.530   -6.530   -5.731   -5.731   -5.507   -5.503   -5.503
   -5.503   -4.971   -4.971   -4.971   -2.565   -2.565   -2.565   -1.920   -1.920   -1.920
   -1.692   -1.692    5.093    6.257    6.257    6.257    6.566    6.566    7.210    7.210
    7.210    9.300    9.300    9.300   12.092   12.092   12.092   13.114   13.114   13.114
            0.028575  0.028575  0.000000
  -22.296  -22.032  -22.032  -22.031  -21.144  -21.144  -21.144  -21.075   -6.903   -6.902
   -6.899   -6.685   -6.527   -6.522   -6.512   -5.731   -5.729   -5.510   -5.504   -5.504
   -5.503   -4.978   -4.973   -4.972   -2.562   -2.561   -2.561   -1.921   -1.920   -1.920
   -1.694   -1.693    5.104    6.257    6.258    6.262    6.562    6.565    7.204    7.206
    7.209    9.287    9.287    9.308   12.082   12.088   12.090   13.109   13.130   13.131
            0.057150  0.057150  0.000000
  -22.293  -22.033  -22.033  -22.031  -21.144  -21.143  -21.143  -21.076   -6.917   -6.916
   -6.903   -6.709   -6.518   -6.498   -6.470   -5.731   -5.724   -5.524   -5.505   -5.502
   -5.502   -4.998   -4.980   -4.974   -2.551   -2.550   -2.549   -1.924   -1.919   -1.919
   -1.702   -1.697    5.137    6.255    6.258    6.276    6.551    6.563    7.187    7.196
    7.205    9.249    9.250    9.334   12.049   12.075   12.082   13.093   13.174   13.175
            0.085725  0.085725  0.000000
  -22.288  -22.036  -22.036  -22.031  -21.143  -21.142  -21.142  -21.077   -6.937   -6.936
   -6.910   -6.735   -6.503   -6.464   -6.416   -5.732   -5.715   -5.545   -5.506   -5.499
   -5.497   -5.030   -4.991   -4.978   -2.533   -2.531   -2.530   -1.928   -1.918   -1.918
   -1.714   -1.702    5.192    6.252    6.256    6.299    6.534    6.561    7.160    7.179
    7.200    9.190    9.191    9.374   11.992   12.055   12.068   13.068   13.128   13.246
            0.114301  0.114301  0.000000
  -22.282  -22.040  -22.040  -22.031  -21.143  -21.141  -21.141  -21.079   -6.962   -6.957
   -6.918   -6.759   -6.483   -6.423   -6.358   -5.737   -5.703   -5.569   -5.509   -5.495
   -5.490   -5.074   -5.007   -4.983   -2.510   -2.506   -2.505   -1.935   -1.917   -1.916
   -1.730   -1.711    5.269    6.247    6.252    6.331    6.513    6.560    7.124    7.158
    7.193    9.113    9.115    9.424   11.908   12.028   12.048   13.033   13.066   13.330
            0.142876  0.142876  0.000000
  -22.273  -22.045  -22.045  -22.032  -21.142  -21.140  -21.139  -21.082   -6.988   -6.976
   -6.929   -6.782   -6.458   -6.381   -6.298   -5.748   -5.688   -5.591   -5.512   -5.489
   -5.481   -5.127   -5.026   -4.990   -2.481   -2.476   -2.475   -1.942   -1.917   -1.915
   -1.750   -1.722    5.365    6.242    6.243    6.370    6.491    6.562    7.079    7.133
    7.183    9.022    9.026    9.480   11.798   11.994   12.023   12.988   13.027   13.344
            0.171451  0.171451  0.000000
  -22.263  -22.050  -22.050  -22.032  -21.142  -21.138  -21.138  -21.084   -7.013   -6.993
   -6.941   -6.804   -6.428   -6.340   -6.238   -5.771   -5.671   -5.602   -5.517   -5.480
   -5.469   -5.188   -5.050   -4.999   -2.449   -2.441   -2.440   -1.951   -1.917   -1.915
   -1.773   -1.736    5.479    6.228    6.235    6.416    6.468    6.571    7.030    7.107
    7.172    8.923    8.927    9.534   11.667   11.956   11.992   12.932   13.013   13.358
            0.200026  0.200026  0.000000
  -22.252  -22.056  -22.056  -22.033  -21.141  -21.136  -21.136  -21.088   -7.034   -7.006
   -6.953   -6.827   -6.395   -6.302   -6.181   -5.807   -5.657   -5.594   -5.523   -5.467
   -5.454   -5.253   -5.077   -5.009   -2.414   -2.403   -2.401   -1.962   -1.918   -1.916
   -1.798   -1.753    5.610    6.208    6.227    6.444    6.469    6.586    6.977    7.080
    7.159    8.820    8.825    9.581   11.527   11.914   11.956   12.865   13.022   13.370
            0.228601  0.228601  0.000000
  -22.239  -22.062  -22.062  -22.035  -21.140  -21.135  -21.134  -21.091   -7.052   -7.016
   -6.965   -6.850   -6.360   -6.270   -6.128   -5.853   -5.646   -5.570   -5.532   -5.451
   -5.437   -5.317   -5.108   -5.021   -2.378   -2.363   -2.360   -1.972   -1.921   -1.919
   -1.825   -1.772    5.753    6.187    6.218    6.419    6.526    6.609    6.925    7.054
    7.145    8.716    8.721    9.609   11.392   11.870   11.918   12.785   13.050   13.378
            0.257176  0.257176  0.000000
  -22.225  -22.068  -22.068  -22.037  -21.139  -21.133  -21.132  -21.095   -7.066   -7.022
   -6.976   -6.873   -6.323   -6.244   -6.080   -5.902   -5.636   -5.547   -5.536   -5.439
   -5.417   -5.370   -5.142   -5.035   -2.341   -2.322   -2.318   -1.984   -1.926   -1.924
   -1.852   -1.794    5.901    6.165    6.210    6.393    6.589    6.639    6.879    7.030
    7.129    8.613    8.619    9.606   11.276   11.826   11.878   12.694   13.090   13.384
            0.285751  0.285751  0.000000
  -22.211  -22.074  -22.074  -22.040  -21.138  -21.131  -21.131  -21.099   -7.074   -7.026
   -6.985   -6.895   -6.287   -6.224   -6.037   -5.950   -5.625   -5.574   -5.497   -5.456
   -5.393   -5.377   -5.180   -5.051   -2.305   -2.282   -2.275   -1.995   -1.934   -1.931
   -1.878   -1.819    6.041    6.147    6.206    6.365    6.660    6.674    6.846    7.008
    7.112    8.515    8.522    9.562   11.193   11.784   11.838   12.591   13.138   13.388
            0.314327  0.314327  0.000000
  -22.196  -22.080  -22.080  -22.044  -21.137  -21.130  -21.129  -21.102   -7.078   -7.028
   -6.992   -6.917   -6.253   -6.211   -6.002   -5.994   -5.614   -5.614   -5.482   -5.456
   -5.368   -5.354   -5.221   -5.068   -2.269   -2.242   -2.232   -2.006   -1.945   -1.940
   -1.901   -1.845    6.133    6.139    6.220    6.336    6.713    6.746    6.838    6.991
    7.094    8.422    8.430    9.470   11.153   11.745   11.798   12.477   13.190   13.391
            0.342902  0.342902  0.000000
  -22.180  -22.085  -22.085  -22.050  -21.135  -21.128  -21.128  -21.106   -7.077   -7.031
   -6.995   -6.939   -6.222   -6.202   -6.032   -5.979   -5.656   -5.604   -5.499   -5.416
   -5.340   -5.325   -5.264   -5.088   -2.234   -2.205   -2.191   -2.016   -1.960   -1.950
   -1.921   -1.872    6.124    6.162    6.265    6.307    6.754    6.816    6.903    6.977
    7.075    8.338    8.347    9.330   11.156   11.710   11.761   12.355   13.244   13.396
            0.371477  0.371477  0.000000
  -22.165  -22.090  -22.090  -22.056  -21.134  -21.127  -21.127  -21.110   -7.072   -7.033
   -6.997   -6.959   -6.196   -6.195   -6.062   -5.973   -5.683   -5.593   -5.511   -5.381
   -5.318   -5.300   -5.295   -5.109   -2.201   -2.171   -2.153   -2.025   -1.979   -1.963
   -1.937   -1.900    6.122    6.163    6.279    6.285    6.796    6.850    6.968    7.047
    7.072    8.264    8.273    9.150   11.197   11.681   11.727   12.226   13.298   13.404
            0.400052  0.400052  0.000000
  -22.150  -22.094  -22.094  -22.064  -21.132  -21.126  -21.126  -21.114   -7.064   -7.034
   -6.998   -6.977   -6.191   -6.173   -6.084   -5.991   -5.683   -5.582   -5.520   -5.377
   -5.328   -5.280   -5.268   -5.132   -2.169   -2.141   -2.118   -2.031   -1.998   -1.975
   -1.954   -1.927    6.125    6.162    6.253    6.276    6.837    6.883    6.963    7.033
    7.268    8.201    8.211    8.942   11.265   11.658   11.697   12.094   13.351   13.417
            0.428627  0.428627  0.000000
  -22.135  -22.097  -22.097  -22.073  -21.130  -21.125  -21.125  -21.117   -7.053   -7.034
   -7.001   -6.993   -6.182   -6.155   -6.099   -6.026   -5.660   -5.572   -5.528   -5.421
   -5.301   -5.256   -5.247   -5.157   -2.138   -2.114   -2.089   -2.034   -2.017   -1.988
   -1.971   -1.952    6.135    6.163    6.229    6.253    6.875    6.912    6.960    7.012
    7.493    8.152    8.160    8.714   11.354   11.643   11.672   11.960   13.401   13.436
            0.457202  0.457202  0.000000
  -22.120  -22.099  -22.099  -22.083  -21.128  -21.125  -21.125  -21.120   -7.040   -7.031
   -7.007   -7.006   -6.166   -6.142   -6.111   -6.068   -5.621   -5.563   -5.537   -5.472
   -5.270   -5.238   -5.232   -5.183   -2.108   -2.091   -2.069   -2.036   -2.030   -1.999
   -1.989   -1.974    6.151    6.169    6.208    6.225    6.910    6.935    6.959    6.990
    7.732    8.119    8.125    8.473   11.459   11.634   11.653   11.827   13.449   13.463
            0.485777  0.485777  0.000000
  -22.107  -22.100  -22.100  -22.094  -21.126  -21.125  -21.125  -21.123   -7.028   -7.026
   -7.017   -7.016   -6.141   -6.130   -6.120   -6.108   -5.574   -5.554   -5.545   -5.524
   -5.240   -5.227   -5.225   -5.211   -2.081   -2.074   -2.065   -2.057   -2.015   -2.005
   -2.002   -1.995    6.172    6.178    6.191    6.197    6.940    6.949    6.956    6.966
    7.978    8.103    8.105    8.226   11.575   11.633   11.640   11.698   13.494   13.496
            0.514353  0.514353  0.000000
  -22.107  -22.100  -22.100  -22.094  -21.126  -21.125  -21.125  -21.123   -7.028   -7.026
   -7.017   -7.016   -6.141   -6.130   -6.120   -6.107   -5.574   -5.554   -5.545   -5.524
   -5.240   -5.227   -5.225   -5.211   -2.081   -2.074   -2.065   -2.056   -2.015   -2.005
   -2.002   -1.995    6.171    6.178    6.191    6.197    6.940    6.949    6.956    6.966
    7.977    8.103    8.105    8.227   11.574   11.633   11.640   11.699   13.494   13.496
            0.542928  0.542928  0.000000
  -22.120  -22.099  -22.099  -22.083  -21.128  -21.125  -21.125  -21.120   -7.040   -7.031
   -7.007   -7.006   -6.166   -6.142   -6.111   -6.068   -5.621   -5.563   -5.537   -5.472
   -5.270   -5.238   -5.232   -5.183   -2.108   -2.091   -2.069   -2.036   -2.030   -1.999
   -1.989   -1.974    6.151    6.169    6.208    6.225    6.909    6.934    6.959    6.990
    7.731    8.119    8.125    8.474   11.458   11.634   11.653   11.828   13.449   13.462
            0.571503  0.571503  0.000000
  -22.135  -22.097  -22.097  -22.073  -21.130  -21.125  -21.125  -21.117   -7.053   -7.034
   -7.001   -6.993   -6.182   -6.156   -6.099   -6.026   -5.660   -5.572   -5.528   -5.421
   -5.301   -5.256   -5.247   -5.157   -2.138   -2.114   -2.089   -2.034   -2.017   -1.988
   -1.971   -1.952    6.135    6.163    6.229    6.253    6.875    6.912    6.960    7.012
    7.492    8.152    8.161    8.715   11.354   11.643   11.672   11.961   13.401   13.436
            0.571503  0.571503  0.028575
  -22.135  -22.097  -22.097  -22.073  -21.130  -21.125  -21.125  -21.117   -7.053   -7.033
   -7.000   -6.992   -6.188   -6.160   -6.103   -6.027   -5.656   -5.568   -5.525   -5.417
   -5.301   -5.256   -5.247   -5.157   -2.138   -2.114   -2.089   -2.034   -2.017   -1.989
   -1.971   -1.952    6.135    6.162    6.230    6.254    6.875    6.914    6.962    7.015
    7.493    8.153    8.161    8.713   11.345   11.633   11.663   11.953   13.409   13.448
            0.571503  0.571503  0.057150
  -22.134  -22.097  -22.097  -22.073  -21.130  -21.126  -21.125  -21.117   -7.053   -7.030
   -6.995   -6.990   -6.206   -6.173   -6.115   -6.033   -5.645   -5.557   -5.515   -5.407
   -5.299   -5.256   -5.247   -5.158   -2.137   -2.113   -2.089   -2.035   -2.018   -1.990
   -1.973   -1.954    6.133    6.159    6.233    6.257    6.877    6.919    6.965    7.021
    7.497    8.153    8.162    8.707   11.318   11.605   11.637   11.928   13.435   13.482
            0.571503  0.571503  0.085725
  -22.133  -22.097  -22.097  -22.073  -21.130  -21.126  -21.125  -21.118   -7.053   -7.025
   -6.988   -6.985   -6.233   -6.194   -6.134   -6.044   -5.627   -5.539   -5.499   -5.392
   -5.298   -5.255   -5.246   -5.159   -2.136   -2.113   -2.089   -2.036   -2.019   -1.992
   -1.975   -1.956    6.131    6.155    6.237    6.260    6.880    6.928    6.971    7.031
    7.504    8.153    8.163    8.696   11.278   11.560   11.596   11.889   13.477   13.532
            0.571503  0.571503  0.114301
  -22.132  -22.097  -22.097  -22.074  -21.130  -21.126  -21.125  -21.118   -7.052   -7.018
   -6.983   -6.975   -6.265   -6.220   -6.159   -6.061   -5.603   -5.516   -5.479   -5.372
   -5.295   -5.254   -5.246   -5.161   -2.134   -2.112   -2.090   -2.038   -2.020   -1.996
   -1.978   -1.960    6.129    6.150    6.241    6.263    6.885    6.940    6.980    7.044
    7.513    8.154    8.164    8.681   11.226   11.503   11.542   11.837   13.533   13.596
            0.571503  0.571503  0.142876
  -22.131  -22.097  -22.096  -22.075  -21.130  -21.127  -21.125  -21.119   -7.049   -7.010
   -6.976   -6.963   -6.301   -6.250   -6.188   -6.085   -5.574   -5.489   -5.456   -5.351
   -5.292   -5.253   -5.246   -5.163   -2.132   -2.111   -2.090   -2.039   -2.022   -2.000
   -1.982   -1.964    6.127    6.146    6.246    6.266    6.893    6.956    6.991    7.059
    7.525    8.154    8.166    8.661   11.168   11.436   11.479   11.774   13.601   13.668
            0.571503  0.571503  0.171451
  -22.130  -22.096  -22.096  -22.076  -21.130  -21.127  -21.125  -21.119   -7.046   -6.999
   -6.969   -6.949   -6.338   -6.282   -6.220   -6.113   -5.541   -5.461   -5.432   -5.328
   -5.289   -5.251   -5.245   -5.165   -2.129   -2.110   -2.090   -2.042   -2.024   -2.004
   -1.987   -1.970    6.126    6.142    6.249    6.266    6.906    6.974    7.005    7.076
    7.539    8.155    8.168    8.636   11.108   11.363   11.409   11.704   13.675   13.746
            0.571503  0.571503  0.200026
  -22.128  -22.096  -22.096  -22.077  -21.130  -21.127  -21.126  -21.120   -7.040   -6.987
   -6.960   -6.934   -6.375   -6.317   -6.255   -6.145   -5.507   -5.432   -5.406   -5.306
   -5.285   -5.250   -5.243   -5.168   -2.126   -2.108   -2.091   -2.044   -2.027   -2.009
   -1.993   -1.976    6.125    6.140    6.252    6.266    6.921    6.996    7.020    7.093
    7.555    8.155    8.169    8.605   11.048   11.288   11.335   11.627   13.751   13.826
            0.571503  0.571503  0.228601
  -22.126  -22.096  -22.095  -22.079  -21.130  -21.128  -21.126  -21.120   -7.033   -6.974
   -6.950   -6.919   -6.412   -6.352   -6.291   -6.180   -5.471   -5.403   -5.382   -5.284
   -5.281   -5.249   -5.241   -5.171   -2.122   -2.106   -2.091   -2.046   -2.030   -2.014
   -1.999   -1.983    6.126    6.138    6.252    6.263    6.941    7.020    7.036    7.111
    7.574    8.156    8.170    8.568   10.992   11.213   11.261   11.547   13.826   13.904
            0.571503  0.571503  0.257176
  -22.124  -22.095  -22.095  -22.081  -21.130  -21.128  -21.126  -21.121   -7.024   -6.959
   -6.939   -6.903   -6.446   -6.387   -6.328   -6.216   -5.436   -5.375   -5.358   -5.277
   -5.265   -5.248   -5.238   -5.175   -2.118   -2.104   -2.091   -2.048   -2.033   -2.020
   -2.005   -1.990    6.127    6.137    6.251    6.259    6.965    7.045    7.054    7.128
    7.596    8.156    8.171    8.525   10.941   11.139   11.187   11.466   13.895   13.976
            0.571503  0.571503  0.285751
  -22.121  -22.095  -22.095  -22.082  -21.130  -21.128  -21.127  -21.122   -7.013   -6.943
   -6.927   -6.888   -6.478   -6.421   -6.365   -6.253   -5.402   -5.348   -5.336   -5.272
   -5.249   -5.246   -5.232   -5.179   -2.114   -2.102   -2.091   -2.050   -2.037   -2.025
   -2.012   -1.998    6.130    6.137    6.248    6.253    6.991    7.070    7.073    7.145
    7.622    8.156    8.171    8.477   10.899   11.070   11.116   11.385   13.959   14.041
            0.571503  0.571503  0.314327
  -22.119  -22.095  -22.095  -22.084  -21.130  -21.129  -21.127  -21.123   -7.001   -6.926
   -6.914   -6.875   -6.506   -6.454   -6.401   -6.290   -5.370   -5.325   -5.315   -5.268
   -5.248   -5.235   -5.225   -5.183   -2.109   -2.100   -2.090   -2.052   -2.041   -2.030
   -2.018   -2.006    6.133    6.139    6.243    6.246    7.019    7.091    7.096    7.161
    7.653    8.156    8.171    8.422   10.866   11.007   11.050   11.306   14.014   14.095
            0.571503  0.571503  0.342902
  -22.116  -22.095  -22.094  -22.087  -21.130  -21.129  -21.127  -21.124   -6.987   -6.908
   -6.900   -6.864   -6.529   -6.484   -6.435   -6.328   -5.340   -5.306   -5.294   -5.263
   -5.248   -5.227   -5.215   -5.188   -2.103   -2.097   -2.089   -2.053   -2.045   -2.034
   -2.025   -2.015    6.138    6.142    6.237    6.238    7.047    7.110    7.118    7.174
    7.688    8.156    8.170    8.362   10.843   10.952   10.989   11.230   14.062   14.140
            0.571503  0.571503  0.371477
  -22.113  -22.094  -22.094  -22.089  -21.130  -21.129  -21.128  -21.124   -6.972   -6.891
   -6.887   -6.857   -6.544   -6.512   -6.468   -6.364   -5.313   -5.292   -5.275   -5.259
   -5.248   -5.221   -5.207   -5.192   -2.098   -2.094   -2.086   -2.055   -2.050   -2.038
   -2.031   -2.023    6.143    6.145    6.229    6.229    7.075    7.128    7.136    7.185
    7.730    8.156    8.169    8.298   10.829   10.905   10.936   11.157   14.103   14.175
            0.571503  0.571503  0.400052
  -22.111  -22.094  -22.094  -22.091  -21.129  -21.129  -21.128  -21.125   -6.955   -6.875
   -6.873   -6.856   -6.552   -6.535   -6.496   -6.399   -5.290   -5.281   -5.259   -5.254
   -5.247   -5.216   -5.202   -5.197   -2.093   -2.091   -2.083   -2.057   -2.055   -2.042
   -2.036   -2.032    6.149    6.150    6.221    6.221    7.101    7.144    7.151    7.193
    7.777    8.156    8.167    8.231   10.824   10.870   10.890   11.090   14.137   14.202
            0.571503  0.571503  0.428627
  -22.108  -22.094  -22.094  -22.094  -21.129  -21.129  -21.128  -21.126   -6.938   -6.861
   -6.861   -6.861   -6.554   -6.554   -6.518   -6.432   -5.273   -5.273   -5.249   -5.249
   -5.241   -5.212   -5.201   -5.201   -2.088   -2.088   -2.078   -2.060   -2.060   -2.045
   -2.040   -2.040    6.156    6.156    6.212    6.212    7.123    7.160    7.160    7.197
    7.831    8.153    8.165    8.165   10.821   10.854   10.854   11.029   14.165   14.223
            0.571503  0.571503  0.457202
  -22.105  -22.097  -22.094  -22.094  -21.129  -21.129  -21.128  -21.127   -6.920   -6.871
   -6.852   -6.851   -6.565   -6.557   -6.524   -6.463   -5.268   -5.264   -5.246   -5.244
   -5.229   -5.210   -5.204   -5.203   -2.085   -2.085   -2.072   -2.064   -2.063   -2.050
   -2.044   -2.042    6.161    6.162    6.205    6.205    7.142    7.164    7.173    7.196
    7.890    8.090    8.159    8.163   10.811   10.828   10.866   10.975   14.188   14.224
            0.571503  0.571503  0.485777
  -22.102  -22.099  -22.094  -22.094  -21.129  -21.129  -21.128  -21.127   -6.902   -6.885
   -6.846   -6.845   -6.569   -6.566   -6.512   -6.490   -5.264   -5.263   -5.243   -5.242
   -5.219   -5.211   -5.206   -5.205   -2.083   -2.082   -2.068   -2.067   -2.064   -2.057
   -2.045   -2.044    6.165    6.165    6.200    6.200    7.155    7.162    7.184    7.192
    7.954    8.021    8.160    8.161   10.807   10.812   10.892   10.929   14.206   14.218
            0.571503  0.571503  0.514353
  -22.102  -22.099  -22.094  -22.094  -21.129  -21.129  -21.128  -21.127   -6.902   -6.885
   -6.846   -6.846   -6.569   -6.566   -6.512   -6.490   -5.264   -5.263   -5.243   -5.242
   -5.219   -5.211   -5.206   -5.205   -2.083   -2.082   -2.068   -2.067   -2.064   -2.057
   -2.045   -2.044    6.165    6.165    6.200    6.200    7.155    7.162    7.184    7.192
    7.954    8.021    8.160    8.161   10.807   10.812   10.892   10.930   14.206   14.218
            0.571503  0.571503  0.542928
  -22.105  -22.097  -22.094  -22.094  -21.129  -21.129  -21.128  -21.127   -6.920   -6.871
   -6.852   -6.851   -6.565   -6.557   -6.524   -6.463   -5.268   -5.264   -5.246   -5.244
   -5.230   -5.210   -5.204   -5.203   -2.085   -2.085   -2.072   -2.064   -2.063   -2.050
   -2.044   -2.042    6.161    6.162    6.205    6.205    7.142    7.164    7.173    7.196
    7.890    8.091    8.159    8.163   10.811   10.828   10.865   10.976   14.188   14.224
            0.571503  0.571503  0.571503
  -22.108  -22.094  -22.094  -22.094  -21.129  -21.129  -21.128  -21.126   -6.938   -6.861
   -6.861   -6.861   -6.554   -6.554   -6.518   -6.432   -5.273   -5.273   -5.249   -5.249
   -5.241   -5.212   -5.201   -5.201   -2.088   -2.088   -2.078   -2.060   -2.060   -2.045
   -2.040   -2.040    6.156    6.156    6.212    6.212    7.123    7.160    7.160    7.197
    7.831    8.153    8.165    8.165   10.821   10.854   10.854   11.030   14.165   14.223
            0.542928  0.571503  0.542928
  -22.103  -22.096  -22.096  -22.094  -21.129  -21.129  -21.128  -21.127   -6.902   -6.858
   -6.858   -6.844   -6.572   -6.559   -6.542   -6.492   -5.259   -5.256   -5.244   -5.242
   -5.221   -5.207   -5.204   -5.203   -2.082   -2.082   -2.068   -2.067   -2.066   -2.051
   -2.049   -2.046    6.167    6.167    6.198    6.198    7.158    7.175    7.180    7.198
    7.938    8.101    8.106    8.146   10.805   10.829   10.840   10.927   14.209   14.237
            0.514353  0.571503  0.514353
  -22.099  -22.097  -22.097  -22.096  -21.129  -21.129  -21.128  -21.128   -6.869   -6.856
   -6.856   -6.847   -6.569   -6.560   -6.554   -6.540   -5.248   -5.247   -5.243   -5.242
   -5.209   -5.206   -5.205   -5.204   -2.077   -2.077   -2.073   -2.072   -2.059   -2.055
   -2.055   -2.052    6.177    6.177    6.187    6.187    7.181    7.186    7.188    7.193
    8.031    8.072    8.074    8.102   10.811   10.826   10.830   10.852   14.239   14.247
            0.485777  0.571503  0.485777
  -22.099  -22.097  -22.097  -22.096  -21.129  -21.129  -21.128  -21.128   -6.869   -6.856
   -6.856   -6.847   -6.569   -6.560   -6.554   -6.540   -5.248   -5.247   -5.243   -5.242
   -5.209   -5.206   -5.205   -5.204   -2.077   -2.077   -2.073   -2.072   -2.059   -2.055
   -2.055   -2.052    6.177    6.177    6.187    6.187    7.181    7.186    7.188    7.193
    8.031    8.072    8.074    8.101   10.811   10.826   10.830   10.852   14.240   14.247
            0.457202  0.571503  0.457202
  -22.103  -22.096  -22.096  -22.094  -21.129  -21.129  -21.128  -21.127   -6.902   -6.858
   -6.858   -6.844   -6.572   -6.559   -6.542   -6.492   -5.259   -5.256   -5.244   -5.242
   -5.221   -5.207   -5.204   -5.203   -2.082   -2.082   -2.068   -2.067   -2.066   -2.051
   -2.049   -2.046    6.167    6.167    6.198    6.198    7.159    7.175    7.180    7.198
    7.939    8.100    8.106    8.146   10.805   10.829   10.839   10.926   14.209   14.237
            0.428627  0.571503  0.428627
  -22.108  -22.094  -22.094  -22.094  -21.129  -21.129  -21.128  -21.126   -6.937   -6.861
   -6.861   -6.861   -6.554   -6.554   -6.518   -6.432   -5.273   -5.273   -5.249   -5.249
   -5.241   -5.212   -5.201   -5.201   -2.088   -2.088   -2.078   -2.060   -2.060   -2.045
   -2.040   -2.040    6.156    6.156    6.212    6.212    7.124    7.160    7.160    7.197
    7.831    8.153    8.165    8.165   10.821   10.854   10.854   11.029   14.165   14.223
            0.400052  0.571503  0.400052
  -22.114  -22.095  -22.091  -22.091  -21.130  -21.129  -21.128  -21.124   -6.972   -6.888
   -6.866   -6.866   -6.543   -6.530   -6.476   -6.365   -5.302   -5.295   -5.266   -5.259
   -5.258   -5.220   -5.199   -5.194   -2.098   -2.096   -2.089   -2.053   -2.051   -2.039
   -2.029   -2.025    6.143    6.144    6.230    6.231    7.077    7.130    7.141    7.191
    7.715    8.149    8.239    8.248   10.835   10.874   10.923   11.155   14.107   14.185
            0.371477  0.571503  0.371477
  -22.121  -22.097  -22.087  -22.087  -21.130  -21.130  -21.127  -21.122   -7.003   -6.918
   -6.874   -6.871   -6.526   -6.505   -6.420   -6.294   -5.341   -5.330   -5.284   -5.273
   -5.269   -5.229   -5.196   -5.187   -2.110   -2.109   -2.098   -2.047   -2.042   -2.031
   -2.015   -2.007    6.129    6.132    6.251    6.253    7.021    7.093    7.121    7.181
    7.596    8.112    8.340    8.350   10.852   10.899   11.025   11.297   14.037   14.130
            0.342902  0.571503  0.342902
  -22.129  -22.099  -22.083  -22.083  -21.131  -21.130  -21.126  -21.120   -7.030   -6.946
   -6.883   -6.878   -6.504   -6.477   -6.357   -6.219   -5.389   -5.376   -5.301   -5.291
   -5.279   -5.241   -5.194   -5.181   -2.126   -2.123   -2.106   -2.042   -2.034   -2.022
   -1.998   -1.985    6.117    6.122    6.275    6.280    6.957    7.049    7.100    7.169
    7.479    8.056    8.459    8.468   10.875   10.929   11.154   11.452   13.955   14.061
            0.314327  0.571503  0.314327
  -22.137  -22.103  -22.078  -22.077  -21.132  -21.131  -21.125  -21.118   -7.052   -6.971
   -6.894   -6.886   -6.478   -6.446   -6.292   -6.145   -5.442   -5.428   -5.321   -5.311
   -5.289   -5.252   -5.193   -5.175   -2.143   -2.139   -2.114   -2.038   -2.028   -2.013
   -1.978   -1.961    6.106    6.115    6.301    6.311    6.887    7.000    7.079    7.154
    7.370    7.985    8.592    8.599   10.903   10.964   11.300   11.614   13.864   13.980
            0.285751  0.571503  0.285751
  -22.145  -22.107  -22.072  -22.072  -21.132  -21.131  -21.124  -21.116   -7.068   -6.992
   -6.907   -6.895   -6.446   -6.411   -6.226   -6.071   -5.498   -5.482   -5.346   -5.332
   -5.299   -5.263   -5.191   -5.170   -2.162   -2.157   -2.123   -2.034   -2.023   -2.006
   -1.957   -1.935    6.099    6.111    6.326    6.345    6.814    6.947    7.057    7.138
    7.270    7.904    8.735    8.739   10.937   11.003   11.457   11.779   13.766   13.889
            0.257176  0.571503  0.257176
  -22.154  -22.112  -22.066  -22.066  -21.133  -21.132  -21.123  -21.114   -7.079   -7.009
   -6.921   -6.904   -6.411   -6.372   -6.162   -6.002   -5.554   -5.536   -5.376   -5.356
   -5.309   -5.271   -5.191   -5.165   -2.181   -2.175   -2.132   -2.032   -2.020   -2.000
   -1.934   -1.908    6.096    6.111    6.349    6.381    6.741    6.892    7.037    7.117
    7.184    7.817    8.886    8.887   10.977   11.046   11.618   11.941   13.664   13.793
            0.228601  0.571503  0.228601
  -22.162  -22.117  -22.060  -22.060  -21.134  -21.133  -21.122  -21.111   -7.085   -7.021
   -6.935   -6.914   -6.372   -6.331   -6.104   -5.943   -5.608   -5.584   -5.408   -5.384
   -5.318   -5.277   -5.191   -5.162   -2.200   -2.194   -2.143   -2.029   -2.018   -1.997
   -1.911   -1.881    6.097    6.116    6.366    6.418    6.675    6.838    7.016    7.081
    7.126    7.725    9.037    9.043   11.021   11.093   11.777   12.097   13.559   13.691
            0.200026  0.571503  0.200026
  -22.170  -22.121  -22.054  -22.054  -21.135  -21.134  -21.121  -21.109   -7.086   -7.029
   -6.949   -6.924   -6.331   -6.288   -6.054   -5.900   -5.654   -5.618   -5.443   -5.416
   -5.327   -5.280   -5.192   -5.159   -2.219   -2.213   -2.154   -2.027   -2.017   -1.996
   -1.889   -1.854    6.103    6.126    6.371    6.453    6.621    6.789    6.988    7.030
    7.099    7.633    9.189    9.200   11.068   11.142   11.929   12.240   13.455   13.587
            0.171451  0.571503  0.171451
  -22.177  -22.126  -22.049  -22.049  -21.136  -21.135  -21.120  -21.108   -7.083   -7.034
   -6.963   -6.934   -6.288   -6.244   -6.016   -5.886   -5.688   -5.626   -5.480   -5.450
   -5.335   -5.281   -5.194   -5.157   -2.236   -2.231   -2.166   -2.026   -2.018   -1.998
   -1.868   -1.830    6.113    6.140    6.361    6.480    6.590    6.745    6.943    7.002
    7.081    7.542    9.339    9.355   11.118   11.190   12.067   12.365   13.353   13.482
            0.142876  0.571503  0.142876
  -22.184  -22.130  -22.044  -22.043  -21.137  -21.136  -21.119  -21.106   -7.075   -7.035
   -6.975   -6.944   -6.246   -6.201   -5.996   -5.897   -5.707   -5.610   -5.517   -5.484
   -5.343   -5.279   -5.197   -5.156   -2.251   -2.246   -2.177   -2.024   -2.019   -2.001
   -1.848   -1.807    6.125    6.157    6.336    6.490    6.591    6.709    6.898    6.987
    7.064    7.455    9.482    9.502   11.169   11.237   12.185   12.466   13.256   13.378
            0.114301  0.571503  0.114301
  -22.189  -22.134  -22.039  -22.039  -21.138  -21.137  -21.118  -21.104   -7.065   -7.035
   -6.987   -6.953   -6.207   -6.160   -5.996   -5.915   -5.712   -5.587   -5.554   -5.514
   -5.349   -5.275   -5.201   -5.155   -2.265   -2.260   -2.188   -2.024   -2.021   -2.005
   -1.832   -1.788    6.137    6.176    6.305    6.485    6.613    6.679    6.864    6.976
    7.049    7.373    9.614    9.636   11.217   11.279   12.280   12.540   13.170   13.279
            0.085725  0.571503  0.085725
  -22.193  -22.136  -22.036  -22.035  -21.138  -21.137  -21.118  -21.103   -7.054   -7.033
   -6.997   -6.963   -6.173   -6.124   -6.014   -5.924   -5.706   -5.594   -5.582   -5.518
   -5.355   -5.269   -5.206   -5.154   -2.276   -2.270   -2.198   -2.024   -2.021   -2.010
   -1.819   -1.773    6.149    6.196    6.275    6.477    6.628    6.663    6.845    6.969
    7.034    7.301    9.729    9.749   11.262   11.313   12.348   12.587   13.097   13.191
            0.057150  0.571503  0.057150
  -22.197  -22.139  -22.033  -22.033  -21.139  -21.138  -21.118  -21.103   -7.042   -7.031
   -7.005   -6.972   -6.146   -6.097   -6.037   -5.922   -5.696   -5.620   -5.610   -5.500
   -5.359   -5.263   -5.211   -5.154   -2.284   -2.278   -2.206   -2.025   -2.022   -2.013
   -1.809   -1.761    6.159    6.213    6.251    6.470    6.612    6.679    6.838    6.968
    7.020    7.242    9.819    9.836   11.300   11.337   12.392   12.611   13.041   13.120
            0.028575  0.571503  0.028575
  -22.199  -22.140  -22.031  -22.031  -21.139  -21.138  -21.117  -21.102   -7.031   -7.028
   -7.011   -6.979   -6.126   -6.086   -6.051   -5.915   -5.686   -5.640   -5.634   -5.485
   -5.362   -5.257   -5.216   -5.154   -2.289   -2.283   -2.211   -2.026   -2.022   -2.015
   -1.803   -1.754    6.165    6.225    6.237    6.466    6.595    6.696    6.837    6.973
    7.004    7.203    9.878    9.889   11.328   11.348   12.415   12.621   13.007   13.074
            0.000000  0.571503  0.000000
  -22.199  -22.140  -22.031  -22.031  -21.139  -21.139  -21.117  -21.102   -7.027   -7.026
   -7.014   -6.982   -6.115   -6.091   -6.052   -5.912   -5.681   -5.649   -5.642   -5.479
   -5.362   -5.255   -5.219   -5.154   -2.291   -2.284   -2.212   -2.026   -2.022   -2.016
   -1.801   -1.752    6.167    6.229    6.232    6.464    6.588    6.702    6.838    6.985
    6.988    7.190    9.900    9.906   11.343   11.346   12.422   12.624   12.995   13.058
            0.028575  0.542928  0.000000
  -22.188  -22.152  -22.031  -22.031  -21.139  -21.138  -21.114  -21.105   -7.028   -7.022
   -7.020   -6.995   -6.090   -6.056   -6.047   -5.949   -5.672   -5.647   -5.630   -5.524
   -5.335   -5.248   -5.236   -5.174   -2.275   -2.271   -2.172   -2.054   -2.034   -2.031
   -1.791   -1.762    6.173    6.210    6.341    6.464    6.644    6.726    6.808    6.940
    6.987    7.057    9.916    9.922   11.304   11.317   12.455   12.577   13.017   13.057
            0.057150  0.514353  0.000000
  -22.175  -22.163  -22.032  -22.032  -21.138  -21.138  -21.111  -21.108   -7.026   -7.023
   -7.016   -7.007   -6.067   -6.051   -6.030   -5.995   -5.651   -5.642   -5.604   -5.569
   -5.309   -5.280   -5.214   -5.193   -2.264   -2.263   -2.131   -2.092   -2.037   -2.036
   -1.784   -1.774    6.181    6.194    6.408    6.443    6.744    6.754    6.782    6.853
    6.992    7.004    9.900    9.906   11.283   11.293   12.481   12.523   13.060   13.075
            0.085725  0.485777  0.000000
  -22.173  -22.162  -22.033  -22.033  -21.138  -21.138  -21.112  -21.109   -7.025   -7.022
   -7.018   -7.008   -6.065   -6.048   -6.045   -6.012   -5.630   -5.620   -5.610   -5.577
   -5.314   -5.285   -5.211   -5.189   -2.260   -2.259   -2.128   -2.090   -2.037   -2.035
   -1.789   -1.779    6.180    6.193    6.397    6.427    6.760    6.768    6.787    6.867
    7.002    7.018    9.847    9.859   11.271   11.287   12.458   12.501   13.105   13.123
            0.114301  0.457202  0.000000
  -22.183  -22.148  -22.036  -22.034  -21.138  -21.137  -21.115  -21.106   -7.028   -7.027
   -7.016   -6.996   -6.094   -6.086   -6.035   -6.000   -5.640   -5.614   -5.583   -5.552
   -5.351   -5.263   -5.230   -5.161   -2.261   -2.259   -2.163   -2.050   -2.033   -2.029
   -1.806   -1.778    6.169    6.208    6.329    6.416    6.713    6.741    6.822    6.919
    7.020    7.144    9.742    9.805   11.252   11.318   12.383   12.517   13.137   13.205
            0.142876  0.428627  0.000000
  -22.191  -22.135  -22.039  -22.036  -21.138  -21.137  -21.118  -21.104   -7.038   -7.027
   -7.008   -6.981   -6.139   -6.114   -6.028   -5.992   -5.655   -5.594   -5.545   -5.531
   -5.389   -5.250   -5.244   -5.132   -2.267   -2.264   -2.194   -2.027   -2.018   -2.012
   -1.824   -1.779    6.160    6.226    6.252    6.388    6.682    6.727    6.859    6.919
    7.043    7.340    9.597    9.745   11.236   11.372   12.299   12.532   13.164   13.299
            0.171451  0.400052  0.000000
  -22.198  -22.122  -22.044  -22.037  -21.138  -21.136  -21.121  -21.102   -7.048   -7.027
   -7.000   -6.963   -6.178   -6.150   -6.027   -5.986   -5.654   -5.574   -5.513   -5.511
   -5.425   -5.273   -5.226   -5.104   -2.275   -2.270   -2.221   -2.018   -2.004   -1.976
   -1.844   -1.783    6.153    6.179    6.248    6.352    6.666    6.715    6.896    6.908
    7.067    7.559    9.419    9.686   11.222   11.446   12.205   12.545   13.180   13.399
            0.200026  0.371477  0.000000
  -22.204  -22.109  -22.050  -22.038  -21.138  -21.135  -21.124  -21.101   -7.057   -7.026
   -6.992   -6.943   -6.207   -6.190   -6.029   -5.980   -5.639   -5.552   -5.504   -5.499
   -5.442   -5.296   -5.211   -5.080   -2.286   -2.275   -2.244   -2.010   -1.988   -1.945
   -1.863   -1.791    6.118    6.149    6.273    6.313    6.659    6.704    6.895    6.931
    7.087    7.791    9.216    9.635   11.210   11.533   12.104   12.557   13.182   13.438
            0.228601  0.342902  0.000000
  -22.208  -22.096  -22.057  -22.039  -21.138  -21.134  -21.127  -21.099   -7.064   -7.025
   -6.987   -6.924   -6.229   -6.225   -6.032   -5.973   -5.617   -5.539   -5.528   -5.487
   -5.427   -5.322   -5.198   -5.062   -2.295   -2.278   -2.262   -2.003   -1.970   -1.921
   -1.881   -1.800    6.074    6.146    6.274    6.300    6.657    6.695    6.879    6.963
    7.103    8.029    8.995    9.595   11.201   11.630   11.999   12.569   13.173   13.420
            0.257176  0.314327  0.000000
  -22.210  -22.085  -22.065  -22.040  -21.138  -21.132  -21.129  -21.099   -7.070   -7.025
   -6.985   -6.907   -6.263   -6.231   -6.035   -5.963   -5.593   -5.580   -5.512   -5.474
   -5.408   -5.349   -5.188   -5.052   -2.302   -2.278   -2.274   -1.997   -1.951   -1.918
   -1.883   -1.811    6.048    6.146    6.238    6.331    6.658    6.685    6.862    6.989
    7.111    8.272    8.762    9.570   11.195   11.732   11.892   12.580   13.157   13.405
            0.285751  0.285751  0.000000
  -22.211  -22.074  -22.074  -22.040  -21.138  -21.131  -21.131  -21.099   -7.074   -7.026
   -6.985   -6.895   -6.287   -6.224   -6.037   -5.950   -5.625   -5.574   -5.497   -5.456
   -5.393   -5.377   -5.180   -5.051   -2.305   -2.282   -2.275   -1.995   -1.934   -1.931
   -1.878   -1.819    6.041    6.147    6.206    6.365    6.660    6.674    6.846    7.008
    7.112    8.515    8.522    9.562   11.193   11.784   11.838   12.591   13.138   13.388
            0.314327  0.257176  0.000000
  -22.210  -22.085  -22.065  -22.040  -21.138  -21.133  -21.129  -21.099   -7.076   -7.028
   -6.987   -6.891   -6.297   -6.208   -6.038   -5.933   -5.670   -5.563   -5.489   -5.432
   -5.406   -5.382   -5.176   -5.059   -2.304   -2.284   -2.267   -1.995   -1.953   -1.910
   -1.886   -1.816    6.054    6.150    6.180    6.401    6.660    6.663    6.832    7.020
    7.106    8.279    8.755    9.572   11.194   11.679   11.945   12.599   13.119   13.364
            0.342902  0.228601  0.000000
  -22.208  -22.096  -22.057  -22.039  -21.138  -21.134  -21.127  -21.099   -7.076   -7.032
   -6.989   -6.895   -6.292   -6.184   -6.036   -5.914   -5.713   -5.562   -5.491   -5.437
   -5.399   -5.370   -5.174   -5.077   -2.300   -2.282   -2.255   -1.999   -1.972   -1.907
   -1.889   -1.806    6.086    6.154    6.162    6.440    6.643    6.663    6.822    7.025
    7.092    8.036    8.989    9.599   11.199   11.579   12.051   12.604   13.103   13.329
            0.371477  0.200026  0.000000
  -22.204  -22.109  -22.049  -22.038  -21.138  -21.135  -21.124  -21.101   -7.073   -7.038
   -6.990   -6.907   -6.271   -6.157   -6.033   -5.893   -5.749   -5.570   -5.503   -5.465
   -5.365   -5.356   -5.175   -5.102   -2.292   -2.278   -2.238   -2.004   -1.989   -1.936
   -1.868   -1.796    6.128    6.159    6.159    6.482    6.622    6.660    6.819    7.024
    7.073    7.798    9.211    9.640   11.207   11.486   12.154   12.604   13.089   13.282
            0.400052  0.171451  0.000000
  -22.198  -22.122  -22.044  -22.037  -21.138  -21.136  -21.121  -21.102   -7.069   -7.043
   -6.991   -6.925   -6.238   -6.131   -6.027   -5.883   -5.767   -5.585   -5.524   -5.491
   -5.340   -5.330   -5.180   -5.135   -2.283   -2.271   -2.216   -2.012   -2.006   -1.970
   -1.847   -1.788    6.137    6.165    6.214    6.526    6.598    6.652    6.823    7.017
    7.049    7.566    9.415    9.692   11.218   11.405   12.252   12.597   13.077   13.226
            0.428627  0.142876  0.000000
  -22.191  -22.135  -22.039  -22.036  -21.138  -21.137  -21.118  -21.104   -7.062   -7.046
   -6.992   -6.946   -6.196   -6.108   -6.018   -5.897   -5.751   -5.605   -5.550   -5.517
   -5.324   -5.296   -5.187   -5.173   -2.273   -2.265   -2.190   -2.021   -2.019   -2.007
   -1.827   -1.783    6.140    6.169    6.294    6.567    6.574    6.642    6.833    7.008
    7.024    7.345    9.595    9.750   11.231   11.339   12.342   12.583   13.067   13.167
            0.457202  0.114301  0.000000
  -22.183  -22.148  -22.036  -22.034  -21.138  -21.137  -21.115  -21.106   -7.055   -7.047
   -6.993   -6.967   -6.150   -6.093   -6.007   -5.928   -5.713   -5.628   -5.574   -5.542
   -5.306   -5.265   -5.212   -5.196   -2.265   -2.260   -2.160   -2.047   -2.029   -2.029
   -1.808   -1.780    6.150    6.173    6.380    6.534    6.619    6.639    6.848    6.996
    7.001    7.141    9.742    9.809   11.247   11.294   12.420   12.560   13.059   13.112
            0.485777  0.085725  0.000000
  -22.173  -22.162  -22.033  -22.033  -21.138  -21.138  -21.112  -21.109   -7.046   -7.044
   -6.994   -6.986   -6.106   -6.086   -5.992   -5.964   -5.673   -5.650   -5.587   -5.568
   -5.288   -5.261   -5.226   -5.208   -2.262   -2.260   -2.127   -2.088   -2.035   -2.034
   -1.790   -1.781    6.165    6.174    6.447    6.491    6.658    6.661    6.867    6.949
    6.988    6.999    9.848    9.862   11.265   11.274   12.485   12.530   13.052   13.067
            0.514353  0.057150  0.000000
  -22.175  -22.163  -22.032  -22.032  -21.138  -21.138  -21.111  -21.108   -7.038   -7.037
   -7.002   -6.994   -6.089   -6.070   -6.003   -5.971   -5.669   -5.654   -5.596   -5.568
   -5.297   -5.268   -5.222   -5.201   -2.265   -2.263   -2.130   -2.091   -2.036   -2.035
   -1.784   -1.775    6.174    6.185    6.432    6.473    6.682    6.697    6.829    6.902
    6.985    6.997    9.900    9.907   11.281   11.285   12.495   12.538   13.034   13.048
            0.542928  0.028575  0.000000
  -22.188  -22.152  -22.031  -22.031  -21.139  -21.138  -21.114  -21.105   -7.031   -7.028
   -7.013   -6.992   -6.098   -6.051   -6.047   -5.944   -5.679   -5.650   -5.625   -5.524
   -5.332   -5.247   -5.236   -5.177   -2.276   -2.271   -2.172   -2.054   -2.033   -2.031
   -1.791   -1.762    6.171    6.207    6.345    6.473    6.639    6.715    6.809    6.954
    6.981    7.056    9.915    9.924   11.308   11.311   12.459   12.582   13.010   13.049
            0.571503  0.000000  0.000000
  -22.199  -22.140  -22.031  -22.031  -21.139  -21.139  -21.117  -21.102   -7.027   -7.026
   -7.014   -6.982   -6.115   -6.091   -6.052   -5.912   -5.681   -5.649   -5.642   -5.479
   -5.362   -5.255   -5.219   -5.154   -2.291   -2.284   -2.212   -2.026   -2.022   -2.016
   -1.801   -1.752    6.167    6.229    6.232    6.464    6.588    6.702    6.838    6.985
    6.988    7.190    9.900    9.906   11.343   11.346   12.422   12.624   12.995   13.058
